100
1.04772e+01 1.40517e+14 9.999999999999999e-01 6.311590455631887e+24
1.46420e+01 2.44997e+14 8.342119740434069e+12 8.820482010056248e+24
2.04623e+01 4.28670e+14 1.883808348512908e+13 1.232667472775131e+25
2.85961e+01 7.48147e+14 3.190327310560284e+13 1.722659627550591e+25
3.99633e+01 1.30751e+15 4.827062383041179e+13 2.407426464363079e+25
5.58489e+01 2.28378e+15 6.871284174209746e+13 3.364391462119663e+25
7.80491e+01 3.98816e+15 9.424924800645009e+13 4.701755798351012e+25
1.09074e+02 6.96756e+15 1.261917164798612e+14 6.570728460092743e+25
1.52432e+02 1.21659e+16 1.660724208812742e+14 9.182631648780538e+25
2.13024e+02 2.12428e+16 2.159000335587342e+14 1.283277544954851e+26
2.97702e+02 3.71154e+16 2.782496296956242e+14 1.793387645353369e+26
4.16041e+02 6.47543e+16 3.559366509723701e+14 2.506268718563425e+26
5.81419e+02 1.13258e+17 4.534887936252469e+14 3.502524293040992e+26
8.12537e+02 1.97546e+17 5.748018281770076e+14 4.894797591169637e+26
1.13552e+03 3.45298e+17 7.269571889746991e+14 6.840502805541919e+26
1.58690e+03 6.02505e+17 9.165056243911306e+14 9.559644892277820e+26
2.21770e+03 1.05179e+18 1.153416924531833e+15 1.335965255520182e+27
3.09925e+03 1.83637e+18 1.449464963406328e+15 1.867018099324547e+27
4.33122e+03 3.20082e+18 1.817875393889012e+15 2.609168554650827e+27
6.05291e+03 5.58986e+18 2.279446342868896e+15 3.646325824014921e+27
8.45897e+03 9.72983e+18 2.851832190829876e+15 5.095758424422205e+27
1.18215e+04 1.69818e+19 3.569211656543684e+15 7.121344546947975e+27
1.65206e+04 2.95706e+19 4.460432840142509e+15 9.952115006691683e+27
2.30876e+04 5.14944e+19 5.570996687690074e+15 1.390812300240501e+28
3.22650e+04 8.95922e+19 6.952022889486031e+15 1.943666873925572e+28
4.50905e+04 1.55661e+20 8.665837628647881e+15 2.716281230562598e+28
6.30143e+04 2.70108e+20 1.079020277707662e+16 3.796014096225545e+28
8.80628e+04 4.68294e+20 1.342278234544439e+16 5.304941315091299e+28
1.23068e+05 8.08835e+20 1.665978669874496e+16 7.413669799673451e+28
1.71988e+05 1.39888e+21 2.067311549621660e+16 1.036060845556262e+29
2.40355e+05 2.40712e+21 2.558147934687765e+16 1.447896005772987e+29
3.35897e+05 4.13056e+21 3.158507496153607e+16 2.023434285000623e+29
4.69418e+05 7.07457e+21 3.892454079865956e+16 2.827745428887567e+29
6.56014e+05 1.20409e+22 4.778568050482486e+16 3.951765166637222e+29
9.16784e+05 2.04313e+22 5.849853519655300e+16 5.522572052899370e+29
1.28121e+06 3.45176e+22 7.137054084564238e+16 7.717757014476015e+29
1.79050e+06 5.79659e+22 8.670628574533310e+16 1.078548650584943e+30
2.50223e+06 9.67197e+22 1.048450510441567e+17 1.507257660596890e+30
3.49688e+06 1.60685e+23 1.262708316516838e+17 2.106368972454125e+30
4.88692e+06 2.65199e+23 1.513258831119378e+17 2.943608590699181e+30
6.82929e+06 4.35634e+23 1.805592103407404e+17 4.113494418832219e+30
9.41499e+06 7.02729e+23 2.136188681684261e+17 5.670801906368354e+30
1.31758e+07 1.11813e+24 2.506409275709169e+17 7.935776988579116e+30
1.84384e+07 1.77911e+24 2.926932844220447e+17 1.110506327313777e+31
2.58030e+07 2.83066e+24 3.405000480800019e+17 1.553997255198866e+31
3.61090e+07 4.50368e+24 3.948505522236250e+17 2.174588453647923e+31
5.05315e+07 7.16560e+24 4.566443508887851e+17 3.042998234444513e+31
7.07144e+07 1.14010e+25 5.269009296475734e+17 4.258170649979762e+31
9.89587e+07 1.81398e+25 6.067773722443469e+17 5.958559113349801e+31
1.38484e+08 2.88604e+25 6.975813232161981e+17 8.337875949660068e+31
1.93797e+08 4.59162e+25 8.008157227028758e+17 1.166717108305879e+32
2.71114e+08 7.28548e+25 9.174083710990126e+17 1.632039615693869e+32
3.78520e+08 1.13655e+26 1.043812251256357e+18 2.278352706329414e+32
5.28323e+08 1.76847e+26 1.184008120744982e+18 3.179661174529549e+32
7.37413e+08 2.75127e+26 1.340206430584763e+18 4.437470805063243e+32
1.02926e+09 4.27916e+26 1.514347427169363e+18 6.192792270873259e+32
1.43875e+09 6.48526e+26 1.694391418151354e+18 8.655170635589335e+32
2.01437e+09 9.94745e+26 1.896031596239316e+18 1.211583942111936e+33
2.81928e+09 1.54541e+27 2.125135499553300e+18 1.695386110058233e+33
3.94417e+09 2.39285e+27 2.377234236995870e+18 2.371331066259817e+33
5.51687e+09 3.69953e+27 2.655081230222888e+18 3.316085049333727e+33
7.71669e+09 5.72009e+27 2.962216149712046e+18 4.637131664915667e+33
1.07928e+10 8.83632e+27 3.300906360857054e+18 6.483722162117912e+33
1.50871e+10 1.35848e+28 3.670020053408715e+18 9.060621154536572e+33
2.10876e+10 2.08614e+28 4.074624214945818e+18 1.265983625062018e+34
2.94752e+10 3.19822e+28 4.517094156887429e+18 1.768843122873056e+34
4.12018e+10 4.86667e+28 4.992046093271939e+18 2.471531886680565e+34
5.76042e+10 7.39794e+28 5.507426442454400e+18 3.453861805100816e+34
8.05761e+10 1.11818e+29 6.058370716305905e+18 4.828816080820904e+34
1.12469e+11 1.68185e+29 6.645677642966575e+18 6.736546637916220e+34
1.57186e+11 2.52787e+29 7.276724344754781e+18 9.409510020151721e+34
2.19996e+11 3.79997e+29 7.955068025692527e+18 1.316125375005469e+35
3.07681e+11 5.69404e+29 8.679144882371768e+18 1.839464425909537e+35
4.30922e+11 8.00246e+29 9.649970771497640e+18 2.573499667612025e+35
6.02562e+11 8.23556e+29 9.695533810031075e+18 3.596406374390740e+35
8.42448e+11 8.60884e+29 9.747326018146861e+18 5.025954853991092e+35
1.17768e+12 9.13040e+29 9.799355226148921e+18 7.023589573120894e+35
1.64617e+12 9.85687e+29 9.851149616842424e+18 9.815111780039973e+35
2.30106e+12 1.54511e+30 1.009350028427533e+19 1.371723509918924e+36
3.21662e+12 2.57739e+30 1.046826400715118e+19 1.916991967830971e+36
4.49672e+12 4.27275e+30 1.090962394347096e+19 2.679010279645968e+36
6.28660e+12 7.02173e+30 1.142161597157399e+19 3.743931714653275e+36
8.78950e+12 1.14260e+31 1.200843514501274e+19 5.232162414149026e+36
1.22898e+13 1.83847e+31 1.267168137820733e+19 7.311974337063255e+36
1.71852e+13 2.92104e+31 1.341011242662708e+19 1.021849587665667e+37
2.40325e+13 4.51860e+31 1.418913174890778e+19 1.428046882811796e+37
3.36104e+13 7.07033e+31 1.507761120219681e+19 1.995698985192218e+37
4.70095e+13 1.10885e+32 1.607732876845366e+19 2.788987797963902e+37
6.57571e+13 1.78079e+32 1.726949056562497e+19 3.897590759411789e+37
9.19965e+13 3.05958e+32 1.888286111503985e+19 5.446815398496581e+37
1.28552e+14 6.40066e+32 2.186719623924661e+19 7.599832007277011e+37
1.79951e+14 1.57180e+33 2.780528003148472e+19 1.061232628400263e+38
2.52578e+14 3.86883e+33 3.822529662141055e+19 1.483048530713267e+38
3.55672e+14 9.46048e+33 5.609338110814953e+19 2.072537138168826e+38
5.03670e+14 2.33266e+34 8.694228021491361e+19 2.896328690238215e+38
7.20220e+14 5.74242e+34 1.387970664245770e+20 4.047631231023163e+38
1.04653e+15 1.39952e+35 2.220524606324356e+20 5.656981720114661e+38
1.55952e+15 3.52982e+35 3.582753705544731e+20 7.894125422322897e+38
2.41393e+15 8.11074e+35 5.349008426275694e+20 1.101739968908035e+39
3.92832e+15 1.91073e+36 7.744311588735146e+20 1.540752025310395e+39
