100
2.42497e+06 8.62406e+22 9.999999999999999e-01 1.460884913958312e+30
3.10582e+06 1.40970e+23 1.988325824919954e+16 1.871027191779361e+30
3.97782e+06 2.13000e+23 4.030918673523142e+16 2.396310592345097e+30
5.09464e+06 3.08405e+23 6.143049731710226e+16 3.069058983772362e+30
6.52503e+06 4.35720e+23 8.343400965577846e+16 3.930669908506602e+30
8.35702e+06 6.07089e+23 1.065542141209089e+17 5.034162447520896e+30
1.07034e+07 8.39995e+23 1.310832056237321e+17 6.447435845747785e+30
1.37085e+07 1.15988e+24 1.573814769625727e+17 8.257457835536504e+30
1.75573e+07 1.60409e+24 1.858882095354735e+17 1.057559241514385e+31
2.24868e+07 2.22773e+24 2.171291947202034e+17 1.354447959734401e+31
2.88003e+07 3.11222e+24 2.517175349753691e+17 1.734678114859861e+31
3.68863e+07 4.37736e+24 2.903392885192681e+17 2.221643657834297e+31
4.72427e+07 6.19714e+24 3.337109253672838e+17 2.845302072716858e+31
6.05067e+07 8.81806e+24 3.824836882309973e+17 3.644020638462994e+31
7.74948e+07 1.25734e+25 4.370549769862074e+17 4.666931139359618e+31
9.92525e+07 1.79013e+25 4.975182917667331e+17 5.976954150786968e+31
1.27119e+08 2.53645e+25 5.636727580289121e+17 7.654662832501179e+31
1.62809e+08 3.55417e+25 6.341515137756767e+17 9.803251834920347e+31
2.08520e+08 4.89675e+25 7.067642352477119e+17 1.255486308047217e+32
2.67065e+08 6.68220e+25 7.821348775170839e+17 1.607873927387755e+32
3.42047e+08 9.11937e+25 8.624130279646861e+17 2.059159680358723e+32
4.38082e+08 1.25705e+26 9.510964181022153e+17 2.637096166330241e+32
5.61079e+08 1.76871e+26 1.053670463038868e+18 3.377217184397856e+32
7.18609e+08 2.54370e+26 1.175113666935914e+18 4.325018571292075e+32
9.20369e+08 3.54799e+26 1.298518251993037e+18 5.538760218364830e+32
1.17878e+09 4.62212e+26 1.401397052212561e+18 7.093083536256119e+32
1.50973e+09 6.15993e+26 1.515886386005895e+18 9.083565990880110e+32
1.93361e+09 9.08967e+26 1.685807628535997e+18 1.163249955749589e+33
2.47650e+09 1.28480e+27 1.857106947634332e+18 1.489644940693757e+33
3.17181e+09 1.74599e+27 2.021028946660080e+18 1.907602291991404e+33
4.06233e+09 2.41342e+27 2.205995936108853e+18 2.442803502333064e+33
5.20289e+09 3.32384e+27 2.403116643017753e+18 3.128122999097891e+33
6.66367e+09 4.57533e+27 2.614657904380666e+18 4.005655992030859e+33
8.53459e+09 6.29347e+27 2.841406045396896e+18 5.129293731514971e+33
1.09308e+10 8.64914e+27 3.084131819520856e+18 6.568032936986412e+33
1.39997e+10 1.18754e+28 3.343677667778753e+18 8.410196591767618e+33
1.79304e+10 1.62883e+28 3.620854809661104e+18 1.076887221560622e+34
2.29646e+10 2.23158e+28 3.916440799015430e+18 1.378881757888165e+34
2.94122e+10 3.05371e+28 4.231214411223839e+18 1.765533301566434e+34
3.76700e+10 4.17308e+28 4.565830532329060e+18 2.260563801454078e+34
4.82464e+10 5.69453e+28 4.920924009682917e+18 2.894337393225929e+34
6.17923e+10 7.75832e+28 5.296991001127031e+18 3.705720919957101e+34
7.91413e+10 1.05519e+29 5.694432582288492e+18 4.744463905834546e+34
1.01361e+11 1.43250e+29 6.113541595560134e+18 6.074244249717285e+34
1.29820e+11 1.94078e+29 6.554346663760959e+18 7.776558293660860e+34
1.66268e+11 2.62377e+29 7.016806318233532e+18 9.955729002742121e+34
2.12951e+11 3.53840e+29 7.500332652450134e+18 1.274525751701978e+35
2.72739e+11 4.76044e+29 8.004739990447435e+18 1.631602298081610e+35
3.49315e+11 6.38640e+29 8.528742579557723e+18 2.088670989537494e+35
4.47389e+11 8.54231e+29 9.071218167916133e+18 2.673720031824054e+35
5.73000e+11 1.13857e+30 9.630530730577619e+18 3.422568041771357e+35
7.33878e+11 1.47154e+30 1.014688689827347e+19 4.381070969637051e+35
9.39924e+11 1.72074e+30 1.044729198746649e+19 5.608154320398731e+35
1.20382e+12 1.97837e+30 1.068897062924640e+19 7.179293233458801e+35
1.54181e+12 2.30816e+30 1.092991248135726e+19 9.191019425022122e+35
1.97469e+12 2.75202e+30 1.118290430852324e+19 1.176685914596582e+36
2.52912e+12 3.36501e+30 1.145561334706517e+19 1.506493639494558e+36
3.23920e+12 4.21869e+30 1.175212604812008e+19 1.928765232778104e+36
4.14865e+12 5.41264e+30 1.207590796271533e+19 2.469408265676060e+36
5.31343e+12 7.08646e+30 1.243031329655866e+19 3.161583316489474e+36
6.80525e+12 9.42659e+30 1.281720428205745e+19 4.047729617783793e+36
8.71592e+12 1.26801e+31 1.323721273581642e+19 5.182163083619948e+36
1.11630e+13 1.71853e+31 1.369130639208961e+19 6.634394515868336e+36
1.42972e+13 2.33945e+31 1.417999610765819e+19 8.493389717164503e+36
1.83113e+13 3.18510e+31 1.469969760012812e+19 1.087297737349452e+37
2.34525e+13 4.33078e+31 1.524944204035310e+19 1.391885630979815e+37
3.00371e+13 5.87174e+31 1.582678992131190e+19 1.781745794325200e+37
3.84704e+13 7.92768e+31 1.642817596230790e+19 2.280736374545007e+37
4.92715e+13 1.06876e+32 1.705832250476595e+19 2.919387670071371e+37
6.31052e+13 1.44423e+32 1.772722251387398e+19 3.736759176098362e+37
8.08228e+13 1.97694e+32 1.846728694191309e+19 4.782800989890143e+37
1.03515e+14 2.79460e+32 1.935238906629683e+19 6.121330400002550e+37
1.32578e+14 4.19751e+32 2.053496470601121e+19 7.833717712459698e+37
1.69801e+14 6.81434e+32 2.225091585176682e+19 1.002340738042943e+38
2.17475e+14 1.45152e+33 2.615208016965729e+19 1.281969322261950e+38
2.78534e+14 3.13696e+33 3.284557703926014e+19 1.637974826202485e+38
3.56737e+14 6.53594e+33 4.333297491636184e+19 2.089605685749652e+38
4.56895e+14 1.31105e+34 5.902753200369627e+19 2.659709601466173e+38
5.85175e+14 2.60743e+34 8.284541999637525e+19 3.374110373997473e+38
7.49470e+14 5.15993e+34 1.187130439959318e+20 4.259293146433102e+38
9.59894e+14 9.84676e+34 1.686936345842749e+20 5.339957998896118e+38
1.22940e+15 1.78490e+35 2.329183337937427e+20 6.638462454419734e+38
1.57457e+15 3.08221e+35 3.107254787884534e+20 8.174858329108721e+38
2.01665e+15 5.16024e+35 4.032920093506299e+20 9.964299729448619e+38
2.58285e+15 8.37200e+35 5.090543928312456e+20 1.201578425718051e+39
3.30802e+15 1.30744e+36 6.233563711704075e+20 1.433936527222832e+39
4.23679e+15 1.97302e+36 7.430132852155067e+20 1.695126720014214e+39
5.42633e+15 2.88968e+36 8.654190293493628e+20 1.987433288615724e+39
6.94984e+15 4.12608e+36 9.887266665060869e+20 2.313926976189162e+39
8.90111e+15 5.76728e+36 1.111705860935092e+21 2.678514720199269e+39
1.14002e+16 7.92097e+36 1.233679591281020e+21 3.085962747233405e+39
1.46010e+16 1.07233e+37 1.354295526927137e+21 3.541920211765780e+39
1.87004e+16 1.43479e+37 1.473447858687139e+21 4.052974034565874e+39
2.39508e+16 1.90141e+37 1.591105582511572e+21 4.626728448017551e+39
3.06753e+16 2.49980e+37 1.707278874205432e+21 5.271943118238392e+39
3.92878e+16 3.26402e+37 1.821892306208052e+21 5.998745689312267e+39
5.03184e+16 4.23618e+37 1.934856171598112e+21 6.818912729122793e+39
6.44460e+16 5.46711e+37 2.045983117370449e+21 7.746236475429773e+39
8.25400e+16 7.02000e+37 2.155184284288624e+21 8.796919806931320e+39
1.05714e+17 8.97169e+37 2.262341124975727e+21 9.990006995955999e+39
