90
1.04772e+01 1.40517e+14 9.999999999999999e-01 6.311590455631887e+24
1.52031e+01 2.61248e+14 9.439606887046602e+12 9.158500078916965e+24
2.20606e+01 4.85346e+14 2.151300093844302e+13 1.328953012769171e+25
3.20113e+01 9.03836e+14 3.705009496157253e+13 1.928390944941040e+25
4.64503e+01 1.68018e+15 5.691523574173561e+13 2.798210778788137e+25
6.74022e+01 3.12588e+15 8.240766446923102e+13 4.060372126373505e+25
9.78046e+01 5.81208e+15 1.150514798702193e+14 5.891843611237955e+25
1.41920e+02 1.08076e+16 1.568887302383236e+14 8.549420918728960e+25
2.05935e+02 2.00678e+16 2.103344275830764e+14 1.240572133333463e+26
2.98824e+02 3.73600e+16 2.791064671375025e+14 1.800144269690234e+26
4.33612e+02 6.95008e+16 3.672083756088231e+14 2.612117470878754e+26
6.29197e+02 1.29154e+17 4.798979680228127e+14 3.790339203225044e+26
9.13002e+02 2.39977e+17 6.241659582295566e+14 5.500009837015624e+26
1.32482e+03 4.46495e+17 8.094377941764334e+14 7.980845202529871e+26
1.92239e+03 8.29489e+17 1.046240551779132e+15 1.158068484970041e+27
2.78951e+03 1.54172e+18 1.349711336661442e+15 1.680426220599291e+27
4.04775e+03 2.86393e+18 1.737977823067667e+15 2.438399011507532e+27
5.87352e+03 5.31520e+18 2.234058983537502e+15 3.538261634850432e+27
8.52284e+03 9.85514e+18 2.867207591382158e+15 5.134228780435586e+27
1.23671e+04 1.83113e+19 3.679903774944881e+15 7.450066106636538e+27
1.79455e+04 3.39528e+19 4.716031537979846e+15 1.081049012746110e+28
2.60400e+04 6.28680e+19 6.036041656835600e+15 1.568665967712801e+28
3.77855e+04 1.16337e+20 7.718251132782736e+15 2.276225599296330e+28
5.48291e+04 2.14945e+20 9.856409916614954e+15 3.302935413070895e+28
7.95603e+04 3.96236e+20 1.256561315854462e+16 4.792750513236303e+28
1.15447e+05 7.29926e+20 1.600230836876303e+16 6.954551602947269e+28
1.67520e+05 1.34035e+21 2.033557175761847e+16 1.009143981528481e+29
2.43082e+05 2.45268e+21 2.577784624576118e+16 1.464323234439483e+29
3.52726e+05 4.47372e+21 3.259346515284343e+16 2.124810758670191e+29
5.11827e+05 8.11263e+21 4.105184972951484e+16 3.083209927763249e+29
7.42692e+05 1.46703e+22 5.155784953369509e+16 4.473889865329206e+29
1.07769e+06 2.63372e+22 6.444267282677015e+16 6.491825489447261e+29
1.56379e+06 4.70299e+22 8.019442521545451e+16 9.419920441067770e+29
2.26916e+06 8.33584e+22 9.925699197038022e+16 1.366868763574807e+30
3.29269e+06 1.46824e+23 1.222125551478697e+17 1.983374474995139e+30
4.77789e+06 2.56352e+23 1.495200051064002e+17 2.877938779809603e+30
6.93300e+06 4.45512e+23 1.820219508730205e+17 4.175960004779307e+30
9.92632e+06 7.55789e+23 2.190756947984878e+17 5.978761690677233e+30
1.44255e+07 1.26681e+24 2.613811233127131e+17 8.688412258846692e+30
2.09641e+07 2.12364e+24 3.101438006052554e+17 1.262606559203621e+31
3.04665e+07 3.56120e+24 3.664393352954420e+17 1.834823576760694e+31
4.42758e+07 5.96787e+24 4.312909750260388e+17 2.666338850407638e+31
6.43444e+07 1.00029e+25 5.061056382964960e+17 3.874657212324583e+31
9.35094e+07 1.67669e+25 5.924002055628250e+17 5.630505890791371e+31
1.35894e+08 2.81197e+25 6.920618380088358e+17 8.181979562970436e+31
1.97490e+08 4.71236e+25 8.068715764447923e+17 1.188946161944308e+32
2.86845e+08 7.86039e+25 9.378580791900805e+17 1.726705392474213e+32
4.15691e+08 1.28547e+26 1.081150108104599e+18 2.502009631865056e+32
6.02350e+08 2.10326e+26 1.242980525517164e+18 3.625010300975889e+32
8.72830e+08 3.44045e+26 1.425661645076166e+18 5.251977947674741e+32
1.26552e+09 5.56393e+26 1.626002586277678e+18 7.613544908688722e+32
1.83980e+09 8.84104e+26 1.838789916331764e+18 1.106641194288679e+33
2.67410e+09 1.44297e+27 2.088032936701393e+18 1.608130316687631e+33
3.88514e+09 2.34704e+27 2.365784457428408e+18 2.335861490228750e+33
5.64309e+09 3.80870e+27 2.674881049111702e+18 3.391895127284565e+33
8.19648e+09 6.17989e+27 3.020062632025807e+18 4.925205694518767e+33
1.19030e+10 1.00215e+28 3.405162403289578e+18 7.150057547456653e+33
1.72754e+10 1.61491e+28 3.828289391395019e+18 1.037338092401034e+34
2.50721e+10 2.60361e+28 4.298680698900302e+18 1.504895650635618e+34
3.63900e+10 4.16754e+28 4.811472203794633e+18 2.183243810837119e+34
5.28216e+10 6.64426e+28 5.370965191567377e+18 3.167493491300513e+34
7.67214e+10 1.05249e+29 5.974713600469689e+18 4.598158920436034e+34
1.11218e+11 1.65906e+29 6.625007529704139e+18 6.661730018758651e+34
1.61415e+11 2.61135e+29 7.328795456778357e+18 9.662174071243817e+34
2.34531e+11 4.10584e+29 8.089393629098410e+18 1.402905732179379e+35
3.40747e+11 6.41336e+29 8.916695193006513e+18 2.036684955298808e+35
4.95368e+11 8.06886e+29 9.400603605684292e+18 2.958447162127067e+35
7.19224e+11 8.41713e+29 9.458918554520429e+18 4.292896172122660e+35
1.04406e+12 8.92250e+29 9.516761459357557e+18 6.229163500167472e+35
1.51539e+12 9.65580e+29 9.574522656012833e+18 9.038511077151526e+35
2.19946e+12 1.44326e+30 9.797003337348229e+18 1.311565544107240e+36
3.19250e+12 2.54908e+30 1.020575169609495e+19 1.903165974846628e+36
4.63420e+12 4.47059e+30 1.069932837148089e+19 2.761612785409321e+36
6.72743e+12 7.74659e+30 1.127916955630199e+19 4.007252653442901e+36
9.76699e+12 1.32831e+31 1.195431949580060e+19 5.814774665102512e+36
1.41811e+13 2.24433e+31 1.272430100084916e+19 8.437596251617459e+36
2.05922e+13 3.68906e+31 1.356079524103186e+19 1.224350388956048e+37
2.99038e+13 6.04787e+31 1.450029057769024e+19 1.776592667912557e+37
4.34308e+13 9.95378e+31 1.557030289857811e+19 2.577936711164181e+37
6.30848e+13 1.67536e+32 1.684929655613298e+19 3.740725574555340e+37
9.16502e+13 3.04182e+32 1.860852338268096e+19 5.427929534575747e+37
1.33088e+14 6.49551e+32 2.164514258067535e+19 7.869057656180595e+37
1.93602e+14 1.59000e+33 2.731400431698398e+19 1.141705711652830e+38
2.82215e+14 4.10511e+33 3.767780484275489e+19 1.656678252651140e+38
4.12909e+14 1.10150e+34 5.697028135779450e+19 2.403917747574862e+38
6.08371e+14 2.99248e+34 9.228814077687461e+19 3.488234025327963e+38
9.07530e+14 7.94937e+34 1.528609404002455e+20 5.061466509366458e+38
1.38141e+15 2.03076e+35 2.480656622452335e+20 7.347442362556786e+38
2.22933e+15 6.91473e+35 4.628740085405747e+20 1.079328981237432e+39
3.80772e+15 1.83660e+36 7.313105337697491e+20 1.562254750046273e+39
