100
1.04773e+01 1.40517e+14 9.999999999999999e-01 6.311596479728407e+24
1.46420e+01 2.44998e+14 8.342125002467396e+12 8.820494058249139e+24
2.04623e+01 4.28671e+14 1.883809365769613e+13 1.232668677594420e+25
2.85962e+01 7.48148e+14 3.190328237801861e+13 1.722661434779491e+25
3.99633e+01 1.30751e+15 4.827064766058048e+13 2.407428271591976e+25
5.58490e+01 2.28379e+15 6.871286989304449e+13 3.364394474167730e+25
7.80492e+01 3.98816e+15 9.424929951765625e+13 4.701759412808609e+25
1.09074e+02 6.96757e+15 1.261918051485826e+14 6.570734484188447e+25
1.52432e+02 1.21659e+16 1.660725405233109e+14 9.182637672875925e+25
2.13024e+02 2.12429e+16 2.159001687360072e+14 1.283278749773847e+26
2.97703e+02 3.71155e+16 2.782498203647715e+14 1.793389452581750e+26
4.16041e+02 6.47544e+16 3.559368315371103e+14 2.506270525791660e+26
5.81420e+02 1.13258e+17 4.534891373386698e+14 3.502527305087657e+26
8.12537e+02 1.97546e+17 5.748020964884431e+14 4.894800000806527e+26
1.13552e+03 3.45299e+17 7.269574532688585e+14 6.840508829633419e+26
1.58690e+03 6.02505e+17 9.165058883078134e+14 9.559650916368588e+26
2.21771e+03 1.05180e+18 1.153417327354324e+15 1.335965857929118e+27
3.09926e+03 1.83637e+18 1.449465904446525e+15 1.867019906550601e+27
4.33123e+03 3.20083e+18 1.817876083031282e+15 2.609169759467679e+27
6.05291e+03 5.58987e+18 2.279447005165234e+15 3.646327631239243e+27
8.45898e+03 9.72984e+18 2.851833733851405e+15 5.095762038868535e+27
1.18215e+04 1.69818e+19 3.569214312069573e+15 7.121350571019512e+27
1.65206e+04 2.95707e+19 4.460436296843756e+15 9.952121030753421e+27
2.30876e+04 5.14944e+19 5.570999836685365e+15 1.390813505051461e+28
3.22650e+04 8.95924e+19 6.952027171850904e+15 1.943668078734317e+28
4.50906e+04 1.55661e+20 8.665842696226852e+15 2.716283640176009e+28
6.30143e+04 2.70108e+20 1.079020660498147e+16 3.796015301027589e+28
8.80628e+04 4.68294e+20 1.342278320121145e+16 5.304941315086247e+28
1.23068e+05 8.08834e+20 1.665978662711061e+16 7.413669799667339e+28
1.71989e+05 1.39888e+21 2.067312705337146e+16 1.036062050347908e+29
2.40355e+05 2.40713e+21 2.558149946255185e+16 1.447897812951565e+29
3.35898e+05 4.13057e+21 3.158509829564999e+16 2.023436694555577e+29
4.69419e+05 7.07458e+21 3.892456838176342e+16 2.827748440805659e+29
6.56015e+05 1.20409e+22 4.778571117363810e+16 3.951769383279689e+29
9.16785e+05 2.04314e+22 5.849857905828626e+16 5.522578678972649e+29
1.28121e+06 3.45176e+22 7.137058147802006e+16 7.717763038080226e+29
1.79050e+06 5.79660e+22 8.670634434170498e+16 1.078549855284690e+30
2.50224e+06 9.67199e+22 1.048451303904828e+17 1.507259467609264e+30
3.49689e+06 1.60685e+23 1.262708962977076e+17 2.106370177086672e+30
4.88692e+06 2.65199e+23 1.513258938381860e+17 2.943608590664050e+30
6.82929e+06 4.35634e+23 1.805592061253875e+17 4.113493816495882e+30
9.41500e+06 7.02730e+23 2.136189716990733e+17 5.670807326716459e+30
1.31758e+07 1.11813e+24 2.506410230068368e+17 7.935776988406521e+30
1.84384e+07 1.77911e+24 2.926933312905298e+17 1.110505725042382e+31
2.58030e+07 2.83066e+24 3.405001423277135e+17 1.553997857284357e+31
3.61091e+07 4.50369e+24 3.948508293270472e+17 2.174590862093577e+31
5.05315e+07 7.16561e+24 4.566444358768370e+17 3.042998234223751e+31
7.07145e+07 1.14010e+25 5.269012807867551e+17 4.258176068164995e+31
9.89588e+07 1.81398e+25 6.067777431607878e+17 5.958566336936921e+31
1.38484e+08 2.88605e+25 6.975817417011930e+17 8.337887987971342e+31
1.93797e+08 4.59162e+25 8.008157698221967e+17 1.166717108244710e+32
2.71114e+08 7.28550e+25 9.174088242035767e+17 1.632041420992711e+32
3.78520e+08 1.13655e+26 1.043812573348162e+18 2.278353909603193e+32
5.28323e+08 1.76847e+26 1.184008187801612e+18 3.179661174292309e+32
7.37413e+08 2.75127e+26 1.340206508438896e+18 4.437470203166857e+32
1.02926e+09 4.27916e+26 1.514347517491623e+18 6.192792270250891e+32
1.43875e+09 6.48526e+26 1.694391506702806e+18 8.655170634736555e+32
2.01437e+09 9.94744e+26 1.896031448388946e+18 1.211583340836714e+33
2.81928e+09 1.54541e+27 2.125135613186488e+18 1.695386109843875e+33
3.94417e+09 2.39285e+27 2.377234349451224e+18 2.371331065963103e+33
5.51687e+09 3.69953e+27 2.655081342677006e+18 3.316085048918805e+33
7.71669e+09 5.72009e+27 2.962216262170479e+18 4.637131664335427e+33
1.07928e+10 8.83632e+27 3.300906463737636e+18 6.483722161375708e+33
1.50871e+10 1.35848e+28 3.670020283591886e+18 9.060615152668938e+33
2.10876e+10 2.08614e+28 4.074624691806047e+18 1.265983024705631e+34
2.94751e+10 3.19822e+28 4.517094413555180e+18 1.768842522311469e+34
4.12018e+10 4.86667e+28 4.992047714883087e+18 2.471533083033085e+34
5.76042e+10 7.39794e+28 5.507426829301265e+18 3.453860604822995e+34
8.05761e+10 1.11818e+29 6.058371483936949e+18 4.828816076696521e+34
1.12469e+11 1.68185e+29 6.645678407533029e+18 6.736546632185379e+34
1.57186e+11 2.52787e+29 7.276725111412324e+18 9.409510012125075e+34
2.19997e+11 3.79998e+29 7.955072393019574e+18 1.316127762329008e+35
3.07681e+11 5.69404e+29 8.679145567185551e+18 1.839464424507919e+35
4.30922e+11 8.00246e+29 9.649971062632120e+18 2.573499666778376e+35
6.02562e+11 8.23556e+29 9.695534101117641e+18 3.596406373225926e+35
8.42448e+11 8.60884e+29 9.747326309165431e+18 5.025954852363651e+35
1.17768e+12 9.13040e+29 9.799355517173979e+18 7.023589570846555e+35
1.64617e+12 9.85687e+29 9.851149907635964e+18 9.815111776864228e+35
2.30106e+12 1.54511e+30 1.009350056799107e+19 1.371723509485897e+36
3.21662e+12 2.57739e+30 1.046826465831767e+19 1.916991967104568e+36
4.49672e+12 4.27275e+30 1.090962433763177e+19 2.679010278471034e+36
6.28660e+12 7.02173e+30 1.142161636114468e+19 3.743931713030420e+36
8.78950e+12 1.14260e+31 1.200843554400474e+19 5.232162411826230e+36
1.22898e+13 1.83847e+31 1.267168082447629e+19 7.311974334959323e+36
1.71852e+13 2.92104e+31 1.341011253350905e+19 1.021849587544144e+37
2.40325e+13 4.51860e+31 1.418913186565420e+19 1.428046882626292e+37
3.36104e+13 7.07033e+31 1.507761131625964e+19 1.995698984938935e+37
4.70095e+13 1.10885e+32 1.607732888929072e+19 2.788987797588918e+37
6.57571e+13 1.78079e+32 1.726949215143040e+19 3.897590752534586e+37
9.19966e+13 3.05937e+32 1.888356579941420e+19 5.446814488198897e+37
1.28751e+14 6.01814e+32 2.153468841730128e+19 7.611833359035339e+37
1.80330e+14 1.40803e+33 2.666175236591631e+19 1.063732200923356e+38
2.53022e+14 3.67789e+33 3.693333253690024e+19 1.486521267706578e+38
3.56303e+14 8.55999e+33 5.262529545731348e+19 2.078442051807750e+38
5.02938e+14 1.74719e+34 7.267668589620825e+19 2.902401431327109e+38
7.16331e+14 5.23122e+34 1.255130114707632e+20 4.057729872610236e+38
1.04314e+15 1.65421e+35 2.383328790991644e+20 5.670712594887579e+38
1.59027e+15 5.16434e+35 4.477224405512711e+20 7.924575589520223e+38
2.62749e+15 1.55524e+36 7.760089539187624e+20 1.107102260411211e+39
4.53702e+15 3.94892e+36 1.150311655329807e+21 1.495977518988550e+39
