100
4.68329e+05 6.37711e+21 9.999999999999999e-01 2.821304190377040e+29
5.90432e+05 1.08211e+22 8.429080884485804e+15 3.556860257100019e+29
7.44370e+05 1.65998e+22 1.711979966509161e+16 4.484180666193312e+29
9.38442e+05 2.41631e+22 2.614133155900723e+16 5.653261379773053e+29
1.18311e+06 3.41368e+22 3.557637490828265e+16 7.127127405004425e+29
1.49157e+06 4.74007e+22 4.552741479379996e+16 8.985242060345298e+29
1.88046e+06 6.52052e+22 5.612062021161281e+16 1.132777788157847e+30
2.37073e+06 8.93439e+22 6.751020813456974e+16 1.428102607537108e+30
2.98882e+06 1.22409e+23 7.988283777614018e+16 1.800419002778723e+30
3.76807e+06 1.68168e+23 9.346147585528702e+16 2.269798956743628e+30
4.75048e+06 2.32103e+23 1.085076380379648e+17 2.861546215124442e+30
5.98903e+06 3.22181e+23 1.253197789450887e+17 3.607561074170989e+30
7.55049e+06 4.49894e+23 1.442245839853548e+17 4.548057796328049e+30
9.51905e+06 6.31570e+23 1.655551079595210e+17 5.733734503555081e+30
1.20009e+07 8.89827e+23 1.896075571142588e+17 7.228505009445861e+30
1.51297e+07 1.25471e+24 2.165674955467916e+17 9.112933977489375e+30
1.90743e+07 1.76293e+24 2.463632052500164e+17 1.148859823654502e+31
2.40474e+07 2.45521e+24 2.785633971629386e+17 1.448354137814094e+31
3.03170e+07 3.39831e+24 3.133534683942383e+17 1.825918760176106e+31
3.82213e+07 4.70131e+24 3.514720585575100e+17 2.301902084648685e+31
4.81864e+07 6.51083e+24 3.934637434221153e+17 2.901957838247198e+31
6.07495e+07 8.98421e+24 4.390035292807403e+17 3.658422577807087e+31
7.65881e+07 1.23215e+25 4.877450246410677e+17 4.612062613128142e+31
9.65561e+07 1.68670e+25 5.403813017228847e+17 5.814267934332586e+31
1.21730e+08 2.32828e+25 5.992714217266757e+17 7.329816105889822e+31
1.53468e+08 3.26569e+25 6.675297180908061e+17 9.240365372995629e+31
1.93480e+08 4.54146e+25 7.413495595848541e+17 1.164884690184486e+32
2.43924e+08 6.10575e+25 8.132126156408699e+17 1.468500988425355e+32
3.07520e+08 8.02755e+25 8.831617684710345e+17 1.851246334371257e+32
3.87696e+08 1.07151e+26 9.606033368358075e+17 2.333742382739736e+32
4.88776e+08 1.47731e+26 1.053321136177528e+18 2.941976352171758e+32
6.16210e+08 2.03309e+26 1.154196674526346e+18 3.708706462816146e+32
7.76869e+08 2.77071e+26 1.260399199258101e+18 4.675226712161809e+32
9.79414e+08 3.77395e+26 1.374938368693973e+18 5.893588331788963e+32
1.23477e+09 5.14241e+26 1.499170807437783e+18 7.429393101000221e+32
1.55670e+09 6.62240e+26 1.605621571033277e+18 9.365373181247778e+32
1.96256e+09 8.87446e+26 1.733640517826691e+18 1.180577995865722e+33
2.47423e+09 1.22469e+27 1.885991196946664e+18 1.488196464262425e+33
3.11932e+09 1.64302e+27 2.036123068161593e+18 1.875951864871252e+33
3.93258e+09 2.18827e+27 2.191154382391456e+18 2.364720374999848e+33
4.95789e+09 2.96348e+27 2.365819104019355e+18 2.980807750269829e+33
6.25051e+09 4.05104e+27 2.560273932924058e+18 3.757361407275955e+33
7.88014e+09 5.51567e+27 2.768038851919924e+18 4.736158114133900e+33
9.93465e+09 7.53492e+27 2.995601023603449e+18 5.969845677725210e+33
1.25248e+10 9.84394e+27 3.201864085257760e+18 7.524808691126757e+33
1.57903e+10 1.33011e+28 3.446209460027154e+18 9.484687581061684e+33
1.99071e+10 1.81197e+28 3.716625648869335e+18 1.195484014847431e+34
2.50973e+10 2.47355e+28 4.011750914683322e+18 1.506802497145769e+34
3.16407e+10 3.22007e+28 4.275682782250597e+18 1.899165564062468e+34
3.98900e+10 4.34213e+28 4.589469569485664e+18 2.393668436661992e+34
5.02901e+10 5.93041e+28 4.942851040952031e+18 3.016863236277079e+34
6.34018e+10 7.72224e+28 5.259223631254685e+18 3.802245318411130e+34
7.99319e+10 1.00807e+29 5.588460508255201e+18 4.792040174152170e+34
1.00772e+11 1.43778e+29 6.072234124723784e+18 6.039279702687829e+34
1.27045e+11 1.68095e+29 6.286648954609077e+18 7.611148038424942e+34
1.60168e+11 2.39945e+29 6.778761809913949e+18 9.592141425152676e+34
2.01927e+11 3.16946e+29 7.206051883400514e+18 1.208821520421848e+35
2.54574e+11 4.07870e+29 7.605049642210554e+18 1.523363939003513e+35
3.20946e+11 5.56869e+29 8.123189306845245e+18 1.919711823879816e+35
4.04623e+11 7.21433e+29 8.577755166079894e+18 2.419123862391420e+35
5.10116e+11 9.78718e+29 9.147549850535935e+18 3.048363469591154e+35
6.43114e+11 1.14664e+30 9.444986362107888e+18 3.841282613341923e+35
8.10786e+11 1.24776e+30 9.585186524867338e+18 4.840714591337189e+35
1.02217e+12 1.35813e+30 9.706121955049523e+18 6.100537045931216e+35
1.28868e+12 1.50716e+30 9.835226452205525e+18 7.688609468118353e+35
1.62466e+12 1.73123e+30 9.988888984768651e+18 9.690403565013391e+35
2.04824e+12 2.08888e+30 1.018322800878500e+19 1.221362250386558e+36
2.58226e+12 2.66980e+30 1.043371729058548e+19 1.539390687443547e+36
3.25550e+12 3.52832e+30 1.072802953246380e+19 1.940212765815779e+36
4.10428e+12 4.70469e+30 1.104818585517236e+19 2.445363197734830e+36
5.17434e+12 6.33644e+30 1.140035002878822e+19 3.081978589209356e+36
6.52340e+12 8.60865e+30 1.178930253743003e+19 3.884241154556926e+36
8.22418e+12 1.17413e+31 1.221466510127400e+19 4.895210975407692e+36
1.03684e+13 1.60478e+31 1.267844887410286e+19 6.169130527494819e+36
1.30716e+13 2.19485e+31 1.318248607014463e+19 7.774315577998507e+36
1.64797e+13 2.99693e+31 1.372592012665464e+19 9.796830455564103e+36
2.07762e+13 4.08307e+31 1.430957622773031e+19 1.234505266297384e+37
2.61930e+13 5.55062e+31 1.493501193102872e+19 1.555548224930572e+37
3.30221e+13 7.53207e+31 1.560468023557521e+19 1.960001597676128e+37
4.16316e+13 1.02227e+32 1.632570885763858e+19 2.469510370081080e+37
5.24858e+13 1.39263e+32 1.711251975836745e+19 3.111319074377936e+37
6.61699e+13 1.91498e+32 1.799204055903735e+19 3.919711829163774e+37
8.34217e+13 2.67825e+32 1.901033729256848e+19 4.937795952023161e+37
1.05171e+14 3.84724e+32 2.024596333187587e+19 6.219712059534906e+37
1.32592e+14 5.66893e+32 2.176979269170985e+19 7.833382355923883e+37
1.67161e+14 9.55645e+32 2.433225235643653e+19 9.863304838344513e+37
2.10743e+14 1.76757e+33 2.857397642656634e+19 1.241285758378044e+38
2.65688e+14 3.34036e+33 3.507329138588708e+19 1.560805524473811e+38
3.34958e+14 6.54596e+33 4.551078378010302e+19 1.959895102585071e+38
4.22288e+14 1.29459e+34 6.188642132721536e+19 2.455630787794254e+38
5.32388e+14 2.53881e+34 8.677386635964033e+19 3.066489849700893e+38
6.71192e+14 4.88379e+34 1.231863455762009e+20 3.810848280555039e+38
8.46185e+14 9.14662e+34 1.741250800462812e+20 4.704770653733270e+38
1.06680e+15 1.65888e+35 2.418884164421483e+20 5.759627761234223e+38
1.34494e+15 2.90212e+35 3.272950099559508e+20 6.980570845755732e+38
1.69559e+15 4.88754e+35 4.293269883911618e+20 8.366890235258002e+38
2.13766e+15 7.91944e+35 5.452228674341764e+20 9.914384518628416e+38
2.69500e+15 1.23629e+36 6.712900100678960e+20 1.161885927729191e+39
3.39764e+15 1.86421e+36 8.036911568544207e+20 1.347920426669684e+39
4.28347e+15 2.72552e+36 9.392309137731764e+20 1.549919145547781e+39
